-3.617895320883392124E+05
 1.371401999733845470E+06
-2.218389766901700292E+06
 2.316444587905415334E+06
-2.228778267818228807E+06
 1.852393087537698681E+06
-9.948709774500436615E+05
 6.591021004132480593E+05
-5.167251673167936970E+05
-3.633058722241613548E+06
 1.030139823710588738E+07
-1.064198382383156568E+07
 1.236973186997405067E+07
-2.362183529662845656E+07
 2.031568915390887111E+07
 4.648544272288876586E+06
-1.950151784365149587E+07
 1.085785494930424541E+07
-5.254763364997122437E+06
 1.749393025756048039E+07
-1.143474928159723245E+07
-2.658895930575076491E+07
 4.586114324258494377E+07
-3.520894601744299382E+07
 6.297286395241993666E+07
 2.320839316581629217E+06
-8.636238015321876854E+06
 1.365272512282879278E+07
-1.301688483256494626E+07
 1.076495294113984145E+07
-8.309349543526484631E+06
 4.221343421028868295E+06
-3.524713685621943790E+06
 8.435330288588097319E+06
-7.834478170504249632E+06
-7.591207629243893549E+06
 9.372349820502065122E+06
-2.804223840721859233E+04
 3.544290936843785644E+07
-5.849653195438632369E+07
-3.230805420623998344E+07
 1.153566484918334484E+08
-5.946337693100517988E+07
 1.533449622868644260E+07
-8.946167691458441317E+07
 7.193290834983499348E+07
 1.029959305384395570E+08
-1.792265103062942624E+08
 1.223452706579130590E+08
-2.939003846828203201E+08
-7.984834735365361907E+06
 4.015444326467595994E+07
-8.203476409379175305E+07
 8.933648432176412642E+07
-6.973226969044223428E+07
 5.440485157867079973E+07
-3.139449456594140455E+07
 2.794280113281389326E+07
-9.625946274978224933E+07
 2.091749664727923274E+08
-2.548101343794503212E+08
 2.015892178034356833E+08
-1.700024786706829667E+08
 7.490906553695066273E+07
 1.596074863922520280E+08
 1.024868793808154613E+08
-6.185505830413614511E+08
 2.348189943205148280E+08
 1.496644435937344432E+08
 5.838314721295402050E+08
-8.073250587244697809E+08
 1.240755498774370402E+08
 2.299800186023093462E+08
-2.349636368380524218E+08
 2.283313500049349308E+09
 1.474626176318695545E+08
-4.197042687661141753E+08
 4.883170357932531238E+08
-3.676609454533265829E+08
 3.020334858399016261E+08
-2.839206835445100665E+08
 1.864286648603635132E+08
-1.193442991303817183E+08
 4.302576584653299451E+08
-1.185636094757044554E+09
 1.791185812487463236E+09
-1.545001393573697567E+09
 7.319862694649816751E+08
 7.524883590950354934E+07
-1.072211111085995317E+09
 1.034822382879002333E+09
 1.253175810551808178E+08
 1.241000012209395170E+09
-1.888216196374063492E+09
-2.996061238855462074E+09
 5.555770561095303535E+09
-4.230952338798727512E+09
 2.132846633628953457E+09
 6.042714965931091309E+08
-1.577240167446464348E+10
-1.158908312322631836E+09
 2.830476282320102215E+09
-2.329902395050453186E+09
 9.419348569574574232E+08
-1.007232290667004704E+09
 1.550860980674710035E+09
-1.029545580572054982E+09
 1.361374468092548251E+08
-7.348995451281491518E+08
 3.932935988693780899E+09
-7.684128116811263084E+09
 7.714264609638815880E+09
-3.376967860884845734E+09
-2.304034491767379761E+09
 7.598755823323264122E+09
-1.176254473774421120E+10
 1.235862210108513641E+10
-1.715512210353473282E+10
 1.577860552303201294E+10
 1.517058848726489830E+10
-4.036793282269472504E+10
 4.172054833291442108E+10
-1.952055027336636353E+10
-1.250163393436511803E+10
 1.195625217700120850E+11
 1.768133447633932114E+09
-4.052891898635548115E+09
 2.943055266641455173E+09
-2.958163250147669315E+09
 9.106568212122728348E+09
-1.374237656205620003E+10
 8.711577507900669098E+09
 2.886578706844380498E+08
-2.995449791605170727E+09
-4.767102713090081215E+09
 1.740772104903923035E+10
-2.171458015992482758E+10
 1.021186506133459282E+10
 1.379493206241521835E+10
-4.044033091284576416E+10
 6.731457441482825470E+10
-7.956809449071295166E+10
 9.603105079661038208E+10
-7.455973341143640137E+10
-1.419185202733566284E+11
 3.854614277096121216E+11
-4.837707220471132202E+11
 2.691438149331213989E+11
 6.668284662459000397E+10
-9.146965449973787842E+11
 2.405935831705489635E+09
-5.698420433032653809E+09
 1.656579951513356924E+09
 1.808066954413539886E+10
-5.244601627737174988E+10
 6.818417651089472961E+10
-4.247681755261540222E+10
 4.017946468362198353E+09
 1.568486445631575775E+10
-8.122981246701898575E+09
-1.067746385864569283E+10
 2.067649970274361038E+10
-8.015703589924919128E+09
-3.901804809321329498E+10
 9.897540527533706665E+10
-1.610877578045551147E+11
 1.879558326019701843E+11
-2.141850025437306519E+11
 1.197026117636939545E+11
 5.794502898272072754E+11
-1.436956324622392090E+12
 1.910054737356145508E+12
-1.169150332935209961E+12
-7.989295176592756653E+10
 2.979936494631193848E+12
-8.266755275687010765E+09
 1.822954874879256821E+10
 1.255684512374427319E+09
-7.278429756981089783E+10
 1.840309152317738953E+11
-2.292432667132322083E+11
 1.426132214809151917E+11
-2.614397311134183121E+10
-4.159908042096945953E+10
 4.123216127782920074E+10
-1.775211630890637207E+10
 1.056992179298015213E+10
-1.678426641554610634E+10
 8.907647466331692505E+10
-1.773850756497261963E+11
 2.676917711554927673E+11
-2.938994446544126587E+11
 3.101605699906118164E+11
-7.190188099282916260E+10
-1.515138282645669189E+12
 3.529179104299467285E+12
-4.796972040697162109E+12
 3.084285315311585449E+12
-4.735825632667366791E+10
-6.766384818428217773E+12
 5.186856465100602150E+09
-1.095385825715048409E+10
-5.937152625849845886E+09
 6.661973943429887390E+10
-1.625257382492513428E+11
 2.023534627121349487E+11
-1.261487246355242462E+11
 2.630384327939081573E+10
 3.317321068843836212E+10
-3.620109533170226288E+10
 1.959340345373925781E+10
-2.006453818425112534E+10
 2.129052608243922043E+10
-7.041322197581254578E+10
 1.218332891031101379E+11
-1.737170700793573608E+11
 1.813750552243297424E+11
-1.800274029849573059E+11
 6.783286753522531509E+09
 1.180455172318090820E+12
-2.704540913314723145E+12
 3.689221451713960938E+12
-2.400842481403876465E+12
 8.544784268959786987E+10
 5.072764966638338867E+12
 1.968689529802630190E+06
-5.080500766288237646E+06
 4.859464991538041271E+06
-2.938717949217994232E+06
 2.276572759651867207E+06
-1.488416467919863993E+06
 2.050660309869091434E+05
-5.404765568684147438E+05
 6.234886138122727163E+06
-1.624932604831233807E+07
 1.372839489939362928E+07
-1.519146310138120502E+07
 5.601115991240584105E+07
-9.790812343650057912E+07
 6.767665532007010281E+07
-9.442092061252262443E+06
-9.341629231251530349E+06
 4.083446238850390539E+06
 2.337073402789648250E+07
-4.520768075537462533E+07
 6.014905580786348321E+06
 7.456225697293019295E+07
-8.796299053045505285E+07
 4.010679556308399886E+07
-1.010729365260243975E+07
-1.032254252290851623E+07
 2.676339337499003112E+07
-2.553892839703359827E+07
 1.376805217967354320E+07
-7.619948074644259177E+06
 2.385646352552570868E+06
 3.710428906234038994E+06
-1.453904510612923885E+06
-1.812776035654851422E+07
 4.664234353259705007E+07
-3.575159839316154271E+07
 2.437915082377662882E+06
-7.931764975856581330E+07
 2.476253351928461790E+08
-2.341129307626702785E+08
 3.892860982414656132E+07
 7.729062806732301414E+07
-5.339921335248128325E+07
-1.123455658262044936E+08
 2.467919541982914805E+08
-3.281504077536586300E+07
-3.936169845570197105E+08
 4.565929459625408649E+08
-2.302526528545380533E+08
 1.348988920017346442E+08
 3.524437370424877107E+07
-9.070210212363508344E+07
 8.697883560752703249E+07
-3.853072900568855554E+07
-4.663286435488275252E+06
 4.136754068991968036E+07
-8.006628775810766220E+07
 5.886643519310056418E+07
 5.384111272011195123E+07
-1.171020341734195054E+08
-5.918529628917700052E+07
 4.374715915543033481E+08
-4.576542655739559531E+08
-7.791588356188929081E+07
 4.460267214902905226E+08
-2.800001506717462558E+06
-7.317099718075293303E+08
 7.033363870574707985E+08
 7.815427638791937828E+08
-2.106982228829719782E+09
 4.162313045134006739E+08
 2.591266176701372623E+09
-2.930487598772683144E+09
 1.717258147523410082E+09
-1.714729996521630526E+09
-4.184351824697220922E+08
 1.022770658645677328E+09
-8.587143331358350515E+08
 3.251729358398566842E+08
 1.494977707271227054E+07
-3.166265131543321609E+08
 5.668144768374243975E+08
-5.049383488040921092E+08
 2.124987197510452196E+07
-4.075497727917724103E+07
 1.422629914205493212E+09
-3.468397442580353260E+09
 3.563362537992704391E+09
-1.984835124488640308E+09
 1.216701277116921663E+09
-2.159410279556222916E+09
 4.052864397051241398E+09
-3.837736464639628887E+09
-4.333332381204841614E+09
 1.232560077354576111E+10
-2.711629429920503616E+09
-1.328610301691805267E+10
 1.472054587835305214E+10
-9.206877073450525284E+09
 1.190854624022667885E+10
 5.374498951983178139E+09
-1.308494347610267830E+10
 1.090742306753742981E+10
-4.206082245312470913E+09
 7.540773755543035269E+08
 1.707440814304067373E+09
-3.680385012221734524E+09
 3.740854023480368137E+09
-1.448591569572037935E+09
 1.220867579477426529E+09
-7.410346238003529549E+09
 1.605419354673531532E+10
-1.582843737756966209E+10
 1.000109171571435928E+10
-9.597113815095560074E+09
 1.473402957748703957E+10
-1.892243062675802231E+10
 1.308323561545082855E+10
 3.309798321805320740E+10
-8.005634582098141479E+10
 2.484199402378851700E+10
 7.258627152544149780E+10
-8.914110394985034180E+10
 5.921013248605273438E+10
-8.364281170409541321E+10
-2.695107461968709183E+10
 6.524411535432881927E+10
-5.369478232591215515E+10
 1.892506193419939041E+10
 4.295380968581794500E+08
-1.387379428897037125E+10
 2.602477916526014328E+10
-3.084009326627146530E+10
 1.786286775038381958E+10
-3.313526659280771255E+09
 1.575997615750185204E+10
-4.621222609400539398E+10
 4.960325257197766113E+10
-3.378254554582711411E+10
 3.681397490998736572E+10
-6.476812667179259491E+10
 8.699063821571861267E+10
-4.541406022385360718E+10
-2.163902270354480896E+11
 5.047712972890604858E+11
-2.305496009155867004E+11
-3.976472210598057251E+11
 6.333174809034560547E+11
-4.613782218849553833E+11
 6.313839850236523438E+11
 4.735665705861273193E+10
-1.142262680720065460E+11
 9.198798536773413086E+10
-2.643080416792054749E+10
-1.580456686497811127E+10
 5.178265013252717590E+10
-9.107156940263594055E+10
 1.214003463104137573E+11
-9.371126606856671143E+10
 2.425312726068622971E+10
-1.358043046845212936E+10
 6.738403576030547333E+10
-8.410605202389375305E+10
 6.861270586279121399E+10
-8.767609718066007996E+10
 1.681308668385968628E+11
-2.434874697785209351E+11
 1.509237802979142151E+11
 5.415929884530604858E+11
-1.387504181573351074E+12
 7.526614926069489746E+11
 1.097697898471703613E+12
-2.016735970117969727E+12
 1.519267366527325928E+12
-2.040150294572606934E+12
-4.881072227428158569E+10
 1.180448620978244629E+11
-9.147761441530305481E+10
 1.139819441093783760E+10
 5.205368227276458740E+10
-1.302712920374140778E+11
 2.366374721629721375E+11
-3.429674977355674438E+11
 3.191800912861419678E+11
-1.205200366516951447E+11
 1.418252543134910393E+10
-7.561661243125537109E+10
 1.139664334931934204E+11
-1.201368656458813019E+11
 1.774190595080264587E+11
-3.695902261147006226E+11
 5.452288688103256836E+11
-4.229602688313955688E+11
-8.789645400670565186E+11
 2.687632786626581055E+12
-1.627044631859204834E+12
-2.266595268411466797E+12
 4.477860062113694336E+12
-3.406822628541008301E+12
 4.542019378219002930E+12
 2.414616002339428711E+10
-5.885440800518862915E+10
 4.452903986626718140E+10
 1.229736533075754404E+09
-4.119687729817080688E+10
 1.012810732712600403E+11
-1.913330651154283142E+11
 2.852036867292032471E+11
-2.820484695553772583E+11
 1.182399777768828888E+11
-1.267988283834105492E+10
 4.392351713013132477E+10
-7.134784620757237244E+10
 8.471510486699128723E+10
-1.301306552619164124E+11
 2.834922741337046509E+11
-4.127578591416250610E+11
 3.445809989618662109E+11
 5.530837389116717529E+11
-1.889550044598733643E+12
 1.187307455186373535E+12
 1.653571651662214844E+12
-3.315820298509933594E+12
 2.522483022584584961E+12
-3.361191412890334961E+12
-1.297229477295276942E+06
 5.287028250187698752E+06
-8.813855615728968754E+06
 8.224987267335089855E+06
-5.631742905178946443E+06
 3.562472047367546242E+06
-1.708551937185743824E+06
-7.810133333958040457E+05
 6.092740558011886664E+06
 9.831727556939966744E+05
-3.993790820591020584E+07
 1.115776860345530882E+07
 1.195566791267168075E+08
-1.750483693198716342E+08
 7.106677561068142951E+07
 1.927219525638461858E+07
-2.558760318536267441E+05
-2.064183031287938729E+07
 5.150407402097380720E+06
 6.414574963350028731E+06
-2.575567159916509991E+05
 2.381793204278282821E+07
-5.992408937164261192E+07
 4.868878278782501072E+07
-5.369539058667449281E+06
 8.801555628160463646E+06
-3.420765288124298304E+07
 5.564885415806084871E+07
-5.055052272988840938E+07
 3.314156249382948503E+07
-1.987056531052752584E+07
 9.908097546833232045E+06
-7.532646726946157869E+05
-1.824917624983711913E+07
 1.730610092866035178E+07
 8.343866442405931652E+07
-7.891839114186480641E+07
-2.549573385598153472E+08
 4.942892396325889826E+08
-1.888775067167275846E+08
-1.227917861410569996E+08
-1.026813595442712866E+07
 1.411235549041628838E+08
-4.253572721063247323E+07
-4.004988549953755736E+07
-2.188278027038452681E+06
-9.932480064226427674E+07
 2.762308246890435219E+08
-2.227455301256291568E+08
 5.360640532856323756E+06
-2.901625314047292620E+07
 1.605605714360859096E+08
-3.441441533582227230E+08
 3.786612741028863192E+08
-2.738964641922403574E+08
 1.779328431489354968E+08
-9.121021553426140547E+07
 1.311065004671555199E+07
 9.829447819466808438E+07
-2.118029705768051147E+08
 5.137378663574755937E+07
 2.660108169415819049E+08
 5.682990944132757932E+07
-6.832575758870958090E+08
 5.486747196824477613E+07
 7.411165212191946507E+08
 1.662777038518778384E+08
-1.090716167973823786E+09
 2.913839415575194359E+08
 6.456289684192554951E+08
-1.761207260271676257E+07
 2.074859642587723732E+08
-1.658400939192342520E+09
 1.566407801150360823E+09
 3.149347358339788318E+08
 6.313895490486575365E+08
-1.800773433270535707E+09
 2.105062198801059961E+09
-1.609460006489022493E+09
 1.306100966481960535E+09
-1.075861189767881632E+09
 5.399085827052297592E+08
 5.440839988189231604E+07
-6.098323210798945427E+08
 1.113465605119145632E+09
-8.864925591835141182E+08
-3.259946105911418796E+08
 7.368944023676246405E+08
 8.118673629725031555E+07
 6.395124147873289585E+08
-2.288319890117194653E+09
 1.562701525853280425E+08
 3.451028643261822224E+09
-1.920475741388517991E+07
-4.579050379405585289E+09
-6.511522231465705633E+08
 4.598887588018309474E+08
 9.066706294519800186E+09
-8.973582578270759583E+09
-5.294610718618525505E+09
-5.044232980080761909E+09
 1.229804473846777153E+10
-1.004955741241056061E+10
 4.010546260485652447E+09
-4.346211766700583458E+09
 6.250977891076381683E+09
-3.350588690203095436E+09
-9.003991774824211597E+08
 2.961391666206686974E+09
-3.571686716047115326E+09
 2.853466256370985985E+09
-6.819384806687124074E+07
-1.682504660852660179E+09
-1.342639247959181666E+08
-1.502839946349928141E+09
 1.174697434863990593E+10
-1.633833451532239342E+10
 1.176650605599253273E+10
-2.756009164199248886E+10
 3.554562234266318512E+10
 9.188368466772939682E+09
-1.076335510702496338E+10
-4.711430012839647675E+10
 4.511104183778691864E+10
 6.235697763303945923E+10
 7.685321764362833977E+09
-1.753604372744772339E+10
 1.240034841386684418E+10
-1.243639784435573769E+10
 4.005747998900157166E+10
-5.996454180996467590E+10
 3.580824261593081665E+10
 3.324862321004389763E+09
-1.782678241661190796E+10
 9.328818014510740280E+09
 9.548412865994293690E+08
-7.079822716386708260E+09
 8.243026137870910645E+09
-6.605612473305163383E+08
 1.221927563363011169E+10
-7.490030752697441101E+10
 1.157300917354837494E+11
-1.090379338533010254E+11
 1.687086896903508911E+11
-1.555812348386703186E+11
-5.034484786138134003E+10
-3.184184080521246338E+10
 3.129320526644675903E+11
-2.045910103285172424E+11
-6.362652668905960693E+11
 1.052138705086240196E+10
-2.501752693885176849E+10
 7.379091668801136017E+09
 8.076452221455706787E+10
-2.362568597224688416E+11
 3.081234877707545166E+11
-1.894433512686163330E+11
 1.278327378220121574E+10
 7.050245108912898254E+10
-3.575111510364567566E+10
-1.753566215120214462E+10
 3.799062287298592377E+10
-4.080199480926294708E+10
 2.487907536314169693E+10
-5.130781875952654266E+10
 1.820624754496020203E+11
-2.360390415560273438E+11
 1.213907392795754852E+11
-1.634992896509774170E+11
 1.576215864581253662E+11
 8.967544681988648987E+10
 4.612448702212261353E+11
-1.098430736222491699E+12
 5.029327067920241699E+11
 2.316324773101179199E+12
-3.603714479382665253E+10
 7.932363594787664795E+10
 7.367421854880095482E+09
-3.296105813937677002E+11
 8.366947268810086670E+11
-1.047894933606997925E+12
 6.518177555970516357E+11
-9.840670072425315857E+10
-2.094930840684571838E+11
 1.382126010940544739E+11
 3.829332524421224213E+10
-9.798879575753144836E+10
 1.268346537858711700E+11
-9.397174926748358154E+10
 1.346001196252117767E+11
-2.783404565935798340E+11
 2.691595015113862000E+11
 1.801010452311007385E+11
-4.229781795206357422E+11
 2.496136913533935852E+11
-3.151691392382147980E+10
-1.670804921131347412E+12
 2.723651249254237305E+12
-9.713747188248974609E+11
-5.561162914905311523E+12
 2.259933934675383377E+10
-4.748420294501395416E+10
-2.793795047771367264E+10
 3.021541326952573853E+11
-7.404922985384752197E+11
 9.267610959191442871E+11
-5.788998944298797607E+11
 1.013709617341155548E+11
 1.774701072227438049E+11
-1.303174060162651825E+11
-2.523156353082118988E+10
 7.278747511520483398E+10
-1.056205160266324921E+11
 7.741152054022373962E+10
-1.059781362458409729E+11
 1.689025535309688110E+11
-1.404963906374794617E+11
-2.300308499828106384E+11
 5.324346899988388062E+11
-3.375042741937011108E+11
-4.115035188403082275E+10
 1.409991529868924316E+12
-2.106454502905822266E+12
 6.971492033752795410E+11
 4.226518219153751953E+12
 3.466297086556168739E+06
-8.991692501550097018E+06
 8.609936784150196239E+06
-3.930545179772735108E+06
-2.317052448169709824E+05
 2.385125960437727161E+06
-2.678282970848897938E+06
 4.006336894504157361E+06
-1.054989298634976335E+07
 4.459115082958136499E+07
-7.740381804598177969E+07
-4.582884708895029873E+07
 2.238497378726734519E+08
-2.159526223369871974E+08
 7.283423887146644294E+07
 8.311565916266581044E+06
 9.397777620569955558E+06
-2.919619678789259121E+07
 4.278349541146612167E+07
-3.763043569359108061E+07
 3.331773938299124315E+07
-1.065047588706340194E+08
 1.257375150875160098E+08
-4.179271811224385351E+07
-2.715428074322975054E+07
-1.836209845296329260E+07
 4.780507089727205038E+07
-4.639697660977861285E+07
 2.310499593442958221E+07
-2.880244671054233331E+06
-9.539577995884118602E+06
 1.298729167631541006E+07
-2.215855506044407189E+07
 4.117538149567968398E+07
-1.041376267733781487E+08
 1.804321674330115020E+08
 1.024712666362881660E+08
-5.918611238541616201E+08
 6.404542812663682699E+08
-2.192933844435920417E+08
-5.082217366631821543E+07
-5.243064591906837374E+07
 1.865231676865919232E+08
-2.995115793783335090E+08
 2.892183051374623179E+08
-2.125134691097618043E+08
 5.060383594924563169E+08
-5.977398670074882507E+08
 2.145394397203944027E+08
 1.060930845866890997E+08
 6.224169489824076742E+07
-1.611284968883492649E+08
 1.598610045018694997E+08
-8.102480836647556722E+07
-1.217920068537404016E+07
 9.760350532817208767E+07
-1.433316079186972380E+08
 2.161578653024579287E+08
-3.111126111164442301E+08
 2.025324134737446904E+08
 4.849697848418001086E+07
-5.204333197513360381E+08
 1.208958247545407057E+09
-1.386795327835266352E+09
 5.421043714735108614E+08
 8.744252239502312243E+07
 4.295764071840597987E+08
-1.659556423278325081E+09
 3.742297468244925976E+09
-4.447019980057575226E+09
 2.387558519610698700E+09
-1.966248980478356123E+09
 2.374354168764667988E+09
-9.645993161487411261E+08
-6.732583325274274349E+08
-7.625044101514625549E+08
 1.864571933761834860E+09
-1.572569684374299526E+09
 6.194358998524852991E+08
 3.105371560090479627E+07
-6.939336096518791914E+08
 1.181397907649584770E+09
-1.529294230995891333E+09
 1.616582662574566126E+09
 2.881126585649011657E+07
-3.060566674191783428E+09
 4.386866795857588768E+09
-3.771340484465996265E+09
 3.236531595043982506E+09
-1.634125878164785624E+09
-1.574405323886818886E+08
-9.484232771326428652E+08
 8.539813456704940796E+09
-2.558688371290655518E+10
 3.288018681886475372E+10
-1.619753906490151215E+10
 5.074217112813666344E+09
-6.318143804278906822E+09
 2.884036457315145493E+09
 3.904779378838459015E+09
 9.879493563515838623E+09
-2.404065367806398010E+10
 2.001918511520429993E+10
-7.681607375753905296E+09
 1.129431930940592289E+09
 4.033861972222910404E+09
-8.630611714751417160E+09
 1.106361468931309128E+10
-9.446992700364423752E+09
-4.818740715786106586E+08
 1.653106648112085915E+10
-2.285070783434320068E+10
 1.512202539752118111E+10
-1.093840286430744553E+10
 7.597153791201860428E+09
 2.377043278540874004E+09
 7.395106511241047382E+08
-4.919921089485411835E+10
 1.552971232570088501E+11
-1.966646753276651001E+11
 8.525138059586517334E+10
-8.660718442521187067E+08
 1.228306974320256996E+10
-9.776983763538259506E+09
-3.169472030844583893E+10
-4.956997679493855286E+10
 1.199694393277436676E+11
-9.857194773483494568E+10
 3.420550342755376434E+10
 2.694261344712888718E+09
-3.085510210026208496E+10
 6.027372565303485107E+10
-8.243855404929927063E+10
 7.212450948479447937E+10
-2.648238015222867966E+10
-3.010082302596931839E+10
 6.032859105941966248E+10
-4.374464805873886108E+10
 3.113969540047191238E+10
-2.262559777550160980E+10
-3.030778285376387024E+10
 3.791724346895951080E+10
 1.924557415144788208E+11
-7.316081637032403564E+11
 9.624567452216334229E+11
-4.073882867959271240E+11
-4.786792549426242828E+10
-2.966997152891253281E+10
 6.064977207864658356E+10
 2.704360271834824524E+11
 8.707342343804782104E+10
-2.099832863537596741E+11
 1.687733786899405823E+11
-4.682351225496544647E+10
-3.490948698805380249E+10
 1.109843829938117981E+11
-2.047306707950260925E+11
 2.960476679816146851E+11
-2.789432930736223145E+11
 1.406664119449780884E+11
-1.304299819032153893E+10
-5.270372964863139343E+10
 5.562118466577069092E+10
-4.133494520771682739E+10
 1.310785411996021080E+10
 1.358867747707913666E+11
-2.322733294477999878E+11
-2.208371637734273071E+11
 1.521453577426041748E+12
-2.243551988766572266E+12
 1.075487284609972046E+12
-2.505280951835707092E+10
 1.981147084996819458E+11
-2.348741880871979675E+11
-8.916043252495917969E+11
-8.975342406155795288E+10
 2.169072491216352539E+11
-1.675980067821180115E+11
 1.763551412929917526E+10
 1.087661755196882782E+11
-2.755019213086965942E+11
 5.207952218374442139E+11
-7.884938507519956055E+11
 7.962190129828848877E+11
-4.275481922881079712E+11
 1.299985147568498688E+11
-2.993870252047296906E+10
-2.820147293933633041E+10
 3.237662031783644867E+10
 4.429741033522045135E+10
-3.699701408429602661E+11
 6.807034888256374512E+11
-1.289976055871325073E+11
-2.143506124907074951E+12
 3.851663773433711426E+12
-2.217428673501806152E+12
 5.214255547059988403E+11
-7.630298856487513428E+11
 6.301502731432268066E+11
 1.996026187554944092E+12
 4.443203304437145233E+10
-1.081567559452221069E+11
 8.148194340910504150E+10
 4.457499090732615471E+09
-8.549965857012176514E+10
 2.138861138376519775E+11
-4.181492940779306030E+11
 6.446654064290804443E+11
-6.699463640482500000E+11
 3.628356600360938721E+11
-1.149545191766340942E+11
 5.068766573998756409E+10
 8.846686395714960098E+08
-1.410280562369732857E+10
-4.515693630503013611E+10
 2.888563667297926636E+11
-5.320495795946922607E+11
 2.414307257871582031E+11
 1.282257922669723877E+12
-2.598556942662916992E+12
 1.624440206218396484E+12
-5.167611897255881958E+11
 6.634620006146695557E+11
-4.993929838055030518E+11
-1.482531029017751465E+12
-1.357752475439700531E+06
 6.577083966750272550E+06
-1.185246659558542632E+07
 9.832777711631914601E+06
-3.661021238299784716E+06
 1.208739440948322415E+06
-1.717808543841791805E+06
 2.159393288622252177E+06
-1.442518506816218048E+07
 5.086139659127133340E+07
-2.888262662070767954E+07
-1.551716079379400909E+08
 2.643297102872904539E+08
-1.496638619720841646E+08
 2.292746790611796454E+07
 4.037951597555608489E+06
 6.247405550274796784E+06
-2.478407064446992241E+06
 8.329259264356878586E+06
-1.605559826321280003E+07
-6.918856764044759795E+06
 7.885068409456147254E+07
-8.943814138842397928E+07
 3.256631086605851725E+07
-3.530964628732150793E+07
 9.801368331290038303E+06
-4.318851328975810856E+07
 7.532699891001193225E+07
-6.516024476166816801E+07
 3.334087707729810104E+07
-1.917181484652268142E+07
 1.580219660299107805E+07
-6.864012943693114445E+06
 2.134490309489982948E+07
-1.031878155525489599E+08
 6.344205911256497353E+07
 3.891243731622251868E+08
-6.810043193058612347E+08
 3.724434023137152195E+08
-2.589578730419079587E+07
-9.373742108468204737E+06
-2.402179750648564845E+07
-1.977738147359590977E+07
 6.029710683224352077E+06
 3.448217761353547126E+07
 4.954093057903514057E+07
-3.761153749373207092E+08
 4.460229165594663620E+08
-1.900185939198040664E+08
 2.530632241339364350E+08
-2.824326066795963421E+07
 2.062772348156629503E+08
-4.806235000552685857E+08
 5.187145315937595963E+08
-3.559546508374546766E+08
 2.639153488827973306E+08
-1.689409743799543977E+08
-1.084074740385900950E+06
 1.353024649609676600E+08
-9.843037235957123339E+07
 1.003761003604591936E+08
-5.031513721727979183E+08
 6.380931172630856037E+08
-5.668166971354019642E+07
-2.380953259571122229E+08
-2.265407065019389987E+08
 3.347089744107313752E+08
 1.736356363847029507E+08
-6.384443680659316778E+08
 8.088564937555968761E+08
-5.100215860808253884E+08
 1.157772329810587406E+09
-1.681860131998937368E+09
 1.055645443775567651E+09
-2.816566451657353878E+09
 7.963907092955346107E+08
-2.333567627682156563E+09
 2.837012765041705608E+09
-2.193146489923923016E+09
 1.779814161010692120E+09
-1.670644338674981117E+09
 9.781992928839166164E+08
 1.656367801920705736E+08
-1.064032674963498831E+09
 1.686803975087559700E+09
-2.099384848810324907E+09
 1.336792760316186428E+09
 7.127295494734119177E+08
-2.424584858341791153E+09
 1.611881610808627605E+09
 1.801937827216459513E+09
-3.442190502013787270E+09
 1.422474514307322741E+09
 3.876769330744072914E+09
-7.136521280395910263E+09
 2.155422292921674252E+09
 4.363573093099483848E+08
 1.721992967905515671E+09
-2.647053600707078934E+09
 1.824797213715219879E+10
-6.510374763740150452E+09
 1.588667591282496262E+10
-1.296136732115390587E+10
 5.169551486839650154E+09
-6.196332673424459457E+09
 9.759244749990608215E+09
-5.916420623246550560E+09
-1.282705186502683163E+09
 5.304995488517608643E+09
-8.857100741216936111E+09
 1.410149268079980278E+10
-1.153014606819661140E+10
-3.832127448865673542E+08
 8.938517097128965378E+09
-4.994197760807934761E+09
-1.294650163600798988E+10
 2.241900296972101974E+10
-1.024672337964725876E+10
-1.987081652162993240E+10
 2.818563055403881073E+10
 1.803535195153389359E+10
-4.811103637626711273E+10
 2.689232061111892700E+10
 1.492199053791432381E+09
-1.162491335647548370E+11
 9.876643552695663452E+09
-2.239297640248141861E+10
 1.559375932095756149E+10
-1.780728727155620956E+10
 6.017908675767489624E+10
-9.130070779166844177E+10
 5.667000399164866638E+10
 3.468324435011430740E+09
-2.913022212357447815E+10
 3.014422738108595657E+10
-4.689098586097020721E+10
 4.903946746747216797E+10
-1.045235698228488159E+10
-1.599154940746123695E+10
-5.392180436421098709E+09
 7.474178870311163330E+10
-1.015922771042655487E+11
 4.074302738749063873E+10
 5.000967438627896118E+10
 7.500882968885848999E+10
-4.438356953918562622E+11
 6.316802221795316162E+11
-3.715479106946909790E+11
-2.632508119298406839E+08
 9.489755523611810303E+11
 1.374156736171081543E+10
-3.259442173427695084E+10
 7.099803183200820923E+09
 1.213537600938631744E+11
-3.509150479276812134E+11
 4.595186484284662476E+11
-2.867847843081320801E+11
 2.378625602080009079E+10
 1.022995297653345184E+11
-7.182605078138314819E+10
 5.971281363800829315E+10
-7.706789890382710266E+10
 2.327880043855282211E+10
 5.794668171855289459E+09
 4.927410959454313660E+10
-1.650576841165049133E+11
 1.955124447357559814E+11
-1.036141812978557434E+11
 3.637730083718864441E+10
-6.742712300799752197E+11
 1.813823544995110596E+12
-2.281126148226124023E+12
 1.313739203831488525E+12
 6.627741597465906525E+10
-3.373820069246611328E+12
-4.660609475087571716E+10
 1.010288875271466675E+11
 2.331057289055943680E+10
-4.895753249712637939E+11
 1.232396787745329834E+12
-1.546576767470590332E+12
 9.730877347084617920E+11
-1.558416582516807251E+11
-2.868410125927236938E+11
 1.889573027504575195E+11
-2.584817727472808838E+10
 6.649269573814205933E+10
-2.707075035439136505E+10
 2.813433511597816086E+10
-1.064931125966090240E+11
 2.081446119242447815E+11
-1.849393304525452271E+11
 1.563075121206251526E+11
-3.530771202925667725E+11
 1.994223235358929932E+12
-4.386121706978580566E+12
 5.194209067105251953E+12
-2.896815915719354980E+12
-3.216342403869846191E+11
 8.146680866858379883E+12
 2.913121458120824051E+10
-5.952952617222776031E+10
-4.897331442174198914E+10
 4.463460923087333374E+11
-1.088302130496959351E+12
 1.363885372008517822E+12
-8.620991491955510254E+11
 1.571036423756068726E+11
 2.409034162290752258E+11
-1.651073964958349304E+11
-3.571286274751019478E+09
-2.677123571106304932E+10
 1.304227459547077370E+10
-2.740831796625598145E+10
 6.610363335631990814E+10
-1.016387553021446533E+11
 4.866091325146720886E+10
-6.570411788258805084E+10
 3.132685168061370239E+11
-1.558298111848139160E+12
 3.285100419738720703E+12
-3.831259902045483887E+12
 2.095451537536021240E+12
 3.011362585206401978E+11
-6.224897314594502930E+12
 3.196093190352761652E+06
-8.360653399114432745E+06
 8.303960149581820704E+06
-4.104796992509851232E+06
-5.031182861559645389E+05
 3.607684603772889357E+06
-3.738431285523166414E+06
 3.429190533846370410E+06
-8.355767522846398875E+06
 1.517450830713162431E+06
 9.468781099318146706E+07
-2.607347774783021510E+08
 2.441298862640264630E+08
-6.358228107741728425E+07
-3.268618566345675662E+07
 3.345915940795652196E+07
-1.722992603984607756E+07
 8.718032885093871504E+06
 2.128402202409037203E+07
-5.386947794620271027E+07
 3.281054629396747053E+07
 1.536931996056195349E+07
-2.992671269736656547E+07
 1.518877981723516434E+07
 3.004795776869764552E+07
-1.704922502950309217E+07
 4.478451747650372237E+07
-4.517694118746360391E+07
 2.451168485622185096E+07
-2.101823882966219448E+06
-1.504354819538778253E+07
 1.726797093236475810E+07
-9.280955424394838512E+06
 6.128820795379674062E+06
 1.410091747332982160E+07
-2.423201054457164705E+08
 6.832456748330659866E+08
-6.533239995204073191E+08
 1.189959572119078934E+08
 1.883899954319535196E+08
-1.671759588180747926E+08
 8.189581886634351313E+07
-9.069357228514334187E+06
-1.847616927229354382E+08
 3.586978067065809965E+08
-2.172676471380585432E+08
-3.497826095836073905E+07
 1.144667258111574650E+08
-6.546384029532882571E+07
-2.069105925003851056E+08
 5.456217314819902927E+07
-1.433270205664415359E+08
 1.491347156926831305E+08
-8.139331256822624803E+07
-3.112192055388429761E+07
 1.521802010162629783E+08
-1.815688622590265572E+08
 1.007707081721410900E+08
 5.204358755657769740E+07
-1.650330267172080278E+08
 3.203786710962103009E+08
-8.609856802697756290E+08
 9.315398955946885347E+08
 4.388757661603449285E+07
-7.638225464343806505E+08
 6.447821596362909079E+08
-2.467255850449296534E+08
-6.633657467459497452E+08
 2.782406892277770996E+09
-4.101346743359699249E+09
 2.525424836351722717E+09
-8.608594010607061386E+08
 2.181124884749995172E+08
 1.437421619444399476E+08
 2.559351974469811916E+09
-7.437348584320427179E+08
 1.819639946789732456E+09
-1.530033767201474905E+09
 5.621114507708685398E+08
 2.194509987477039993E+08
-1.075163042802501678E+09
 1.479008936579947472E+09
-1.177844042368888855E+09
 4.896172528724213243E+08
-1.438953947720727921E+08
 8.584464086725308895E+08
-7.375245400110200644E+08
-8.257006915728619099E+08
 9.728652446303545237E+08
-1.318275144513963461E+08
 5.954022014599897861E+08
-1.942957857116075039E+09
 7.627964917248028755E+09
-2.081723139007063293E+10
 2.771776590798360825E+10
-1.818245146184338379E+10
 1.110764451294754601E+10
-7.461255166268903732E+09
 2.324951728992493629E+09
-2.119065342826311874E+10
 9.890659014701471329E+09
-2.405295660045956421E+10
 1.993519962298668289E+10
-7.258056098523328781E+09
-1.243253914093178809E+08
 6.492106077465022087E+09
-1.133418503910961342E+10
 1.141347103447381020E+10
-7.581712644790066719E+09
 5.200133331350400925E+09
-8.020889487753741264E+09
 8.953847418190130234E+09
-5.500752567350953817E+08
-9.066613017200351715E+09
 1.225459497701901245E+10
-1.616361071585024643E+10
 2.398751506382844925E+10
-5.866282608427814484E+10
 1.377615193566065369E+11
-1.798361387255453796E+11
 1.261215610541506042E+11
-1.044509548005952301E+11
 9.969571761441888428E+10
-5.743144949235600281E+10
 1.872141413091746521E+11
-4.971126680357752228E+10
 1.202423445515441895E+11
-9.818308389521037292E+10
 3.152242708928001785E+10
 1.006574109188336754E+10
-4.571079128386003876E+10
 8.226817686488833618E+10
-9.938519695972981262E+10
 7.178715916638491821E+10
-3.359605901931951141E+10
 2.828327949176305008E+10
-3.154872747320753860E+10
 9.785254221067510605E+09
 3.351966710118095016E+10
-7.161301909862387085E+10
 1.004586822465098114E+11
-1.355887219750909882E+11
 3.047412200005797729E+11
-6.721892797953406982E+11
 9.027498250859019775E+11
-7.930516522476586914E+11
 9.999881589949824219E+11
-1.088554541345303101E+12
 6.745669507000798340E+11
-1.668258241346299072E+12
 8.725059185418916321E+10
-2.102117281741739197E+11
 1.673339290406255798E+11
-3.936959696039664459E+10
-5.485883989600084686E+10
 1.531660245448660278E+11
-2.801152429496769409E+11
 3.831479630735911865E+11
-3.172467079225585327E+11
 1.341678935849133148E+11
-5.604775506942914581E+10
 5.992395420441731262E+10
-3.072075547286077118E+10
-4.851844380688800049E+10
 1.599186350573217773E+11
-2.471349307963414307E+11
 3.035094841629252930E+11
-6.330203619428253174E+11
 1.339885349923899414E+12
-1.922135670136218994E+12
 2.230969661197919922E+12
-3.609590729322058105E+12
 3.964838426180789551E+12
-2.401811718132153320E+12
 5.728573062899238281E+12
-8.983309400527427673E+10
 2.165152637840479126E+11
-1.641103642609399414E+11
 3.524409973073433876E+09
 1.474393375295935059E+11
-3.646141582272996826E+11
 7.081607272245922852E+11
-1.063259362494408569E+12
 9.950883591362625732E+11
-4.403728602238413086E+11
 1.127395065334262543E+11
-1.114030450728766479E+11
 6.795371096855438995E+10
 3.107495917454334259E+10
-2.254940436561564331E+11
 4.031469764935518188E+11
-4.387681400307098389E+11
 7.875047989813369141E+11
-1.618775535011949463E+12
 2.742154901589611328E+12
-4.498604963639557617E+12
 8.611340089020454102E+12
-9.380484551459158203E+12
 5.525038515466804688E+12
-1.319030615938804297E+13
 4.447258573830745697E+10
-1.077559307157637634E+11
 7.883965122647067261E+10
 1.414079116163257980E+10
-1.127550268222803040E+11
 2.801458722977881470E+11
-5.669051146158212891E+11
 8.800392624653813477E+11
-8.619801966568408203E+11
 3.937735666185727539E+11
-8.883052347269471741E+10
 8.540793824155903625E+10
-5.175312999004280090E+10
-5.401799054287473679E+09
 1.275772048876799927E+11
-2.515730301394824829E+11
 2.558776769258631592E+11
-4.030861803182686768E+11
 8.366788561095301514E+11
-1.656288689161324463E+12
 3.226373969214862305E+12
-6.514790268475531250E+12
 7.065320907889803711E+12
-4.115212088173058594E+12
 9.861554646692519531E+12
-1.721469225186835683E+05
 3.666100990252512973E+06
-9.664484316215891391E+06
 1.049482695402263477E+07
-7.316770719715348445E+06
 4.818484446084388532E+06
-9.777773871326874942E+05
-2.163865143942317460E+06
 7.296704456692355685E+06
-4.959497450087249279E+07
 1.387507339148120284E+08
-1.630087393718635142E+08
 5.845956066949684918E+07
 3.555100516648135334E+07
-3.283691625806605071E+07
 1.000336251021095179E+07
-9.704869846138868481E+06
 1.837016929104031250E+07
-4.415289338586667925E+07
 5.439833724508628994E+07
 3.632741875013788044E+07
-2.100491821035888195E+08
 2.218945010546236336E+08
-8.150134482239691913E+07
 1.259883846894269064E+07
 3.180614087866862770E+06
-2.684783893856495619E+07
 6.207881586977942288E+07
-6.404687322769398242E+07
 4.248683398846483231E+07
-2.717704929829820246E+07
 6.664065562428836711E+06
 7.417862987298643216E+06
-4.345607596080612275E+05
 6.639327121088673174E+07
-2.786114877937334180E+08
 3.708763467027270794E+08
-1.341463688832938820E+08
-8.276662383843013644E+07
 5.231377303638800979E+07
-1.610289436070708185E+07
 7.045122266325566173E+07
-1.473983189032803476E+08
 2.962134169145742655E+08
-3.079471509507536888E+08
-2.182146452045874000E+08
 1.118034188537068844E+09
-1.158007338045768976E+09
 4.201293667592349052E+08
-4.990506784616996348E+07
 1.791065320643221261E+06
 1.333408290595371425E+08
-4.212221869222407341E+08
 5.069969865301045775E+08
-3.717280276686738729E+08
 2.495290491619390249E+08
-6.824335595752647519E+07
-5.471281175590489060E+07
-1.965910296128161848E+08
 5.873301729745045900E+08
-4.889934869647302628E+08
 8.824375400194838643E+07
 3.501223428268770128E+07
-2.331776310582211912E+08
 4.926811655785089731E+08
 1.904180191550081968E+07
-9.517215207133256197E+08
 1.837586547502259493E+09
-2.946021580857842445E+09
 2.101089967047827244E+09
 2.312478595096776485E+09
-7.783316631181453705E+09
 7.436867080596069336E+09
-2.527656829415400982E+09
-9.057137131104351580E+07
 6.086491391589748859E+08
-1.872682643383392811E+09
 2.464262866516449451E+09
-2.109443935879724264E+09
 1.823094847054633617E+09
-1.537556447314193487E+09
 4.455796491935685873E+08
 4.640663201466965675E+08
 8.967216643097223043E+08
-4.192576578969223976E+09
 5.639862266395673752E+09
-3.271945120662665367E+09
 3.012773665985267609E+07
 2.113874342637799740E+09
-2.167925019157181740E+09
-2.216461579182188511E+09
 7.707629401282979012E+09
-1.277492797632325363E+10
 1.841597025779648590E+10
-1.001557066814969254E+10
-1.627166939009597969E+10
 4.315731049190340424E+10
-3.989210627305423737E+10
 1.417150649561980057E+10
 5.710684984287062883E+08
-5.362885588498068810E+09
 1.308214783876700783E+10
-1.062046971608495522E+10
 4.447436328106981277E+09
-6.296938775101664543E+09
 9.314663874421075821E+09
-3.629816363450512886E+09
-3.903969884617729187E+09
 6.259856660290336609E+08
 1.461263266233143806E+10
-2.655389038954917908E+10
 2.006340860022044373E+10
-3.900105229793636322E+09
-5.179620386947034836E+09
-1.120196797634732962E+09
 3.018297693357258606E+10
-5.933244745233078766E+10
 8.162773298349325562E+10
-1.037752221179416351E+11
 4.561956393501846313E+10
 1.024586740483379822E+11
-2.408673037825100098E+11
 2.165542278904443665E+11
-7.898015424256114197E+10
-5.356384674584802628E+09
 8.072450482539454460E+09
-1.795806459608452988E+10
 1.181260083055938530E+10
-1.681899947379302597E+10
 6.180561585272419739E+10
-9.289585080057179260E+10
 5.062270432004852295E+10
 2.075790230512611389E+10
-3.823182070281045532E+10
-9.688098466253475189E+09
 5.776747208305705261E+10
-5.508257391433084869E+10
 1.525616278918579102E+10
 5.198130229271973610E+09
 4.507008707596263885E+10
-1.893091707772406616E+11
 3.091284041162337036E+11
-3.955607273455006104E+11
 4.776093662597183838E+11
-1.440418361170955505E+11
-5.653479020228193359E+11
 1.087766549899323608E+12
-8.552891053021004639E+11
 2.352833885777115784E+11
 2.002380474844371643E+11
 1.176552598759036255E+10
-2.799659844346638489E+10
 3.403923074655287266E+09
 1.245951595837677002E+11
-3.589620246508264771E+11
 4.730120113325038452E+11
-2.848735676793873291E+11
-2.418379992630039978E+10
 1.715247659506632996E+11
-8.819903806496424866E+10
-1.432584723662452316E+10
 1.797122807544318390E+10
 1.170555156528743362E+10
-8.307337525344501734E+08
-1.449379666520187683E+11
 4.443002565178471069E+11
-6.482345688385136719E+11
 8.416577106340169678E+11
-1.065500829535548584E+12
 1.928266147519761658E+11
 1.489578175675981201E+12
-2.390067715021619141E+12
 1.567896116453278320E+12
-1.813893715801370239E+11
-9.257742291197176514E+11
-3.900669613205196381E+10
 8.260931198675526428E+10
 3.842797331049286652E+10
-5.010332891968070068E+11
 1.256024131733439453E+12
-1.590340859784088623E+12
 9.971398241918880615E+11
-5.864242094972200012E+10
-4.882057549671647339E+11
 3.688073061295422974E+11
-1.433412655044455566E+11
 1.670467040706602478E+11
-1.305384336357862396E+11
-4.288867520729183674E+09
 2.974272327972951660E+11
-7.048201262603972168E+11
 8.987873320651213379E+11
-1.249181999545520996E+12
 1.782206362450129639E+12
-1.531134087215549927E+11
-2.892302875509593262E+12
 3.996411972352103516E+12
-2.090346359214812744E+12
-2.811170926703691406E+11
 2.375105566356361328E+12
 2.420810924627272034E+10
-4.727464763270529938E+10
-5.903121704069873047E+10
 4.548379318682058716E+11
-1.107950936484621582E+12
 1.400528330786523438E+12
-8.885933773181823730E+11
 8.633887520625793457E+10
 4.049198536526789551E+11
-3.293370811682944946E+11
 1.411882462548504639E+11
-1.730570867044812012E+11
 1.245449396694057922E+11
 3.646272304183771610E+09
-2.122657314134827576E+11
 4.505477658893988647E+11
-5.363045402990517578E+11
 7.818413400902921143E+11
-1.198971999205566406E+12
 7.774678151837484741E+10
 2.049647698639443115E+12
-2.707219056992954590E+12
 1.280539537207002197E+12
 3.396463255401844482E+11
-1.806623671682985352E+12
 1.845601000749815721E+06
-5.043398677837935276E+06
 5.614194060207466595E+06
-4.712393081967289560E+06
 4.672837254216068424E+06
-3.146746471137139481E+06
-2.998162325471913209E+05
-1.417143598101102281E+06
 2.324484438857317716E+07
-7.087054208976717293E+07
 7.830740235398139060E+07
 3.715750349744468182E+07
-1.457750806889273524E+08
 1.403498042956035435E+08
-8.040286963532979786E+07
 2.477421177745920420E+07
 2.418622120020919479E+06
-2.451063168619376794E+07
 4.405551135185837746E+07
-2.958441879495196790E+07
-5.794654899218904227E+07
 1.998969626843855083E+08
-2.060628822071666718E+08
 8.882432685473102331E+07
-6.337549487761723995E+07
-9.575157597111370414E+06
 2.635068610148769617E+07
-2.930812739776992053E+07
 2.142394837684692815E+07
-1.460270246621660888E+07
 3.016313940449747257E+06
 1.506862398392225057E+07
-1.659793609839077294E+07
-3.021810138039508462E+07
 1.320869828409730941E+08
-1.745790528426217735E+08
-4.208401632105122507E+07
 3.161559471414523721E+08
-3.792286011777020693E+08
 2.571715515961275399E+08
-8.492097773177757859E+07
-3.882036787340958416E+07
 1.658303240112267435E+08
-2.704940134668259025E+08
 1.462090678064759076E+08
 3.578361389376202226E+08
-1.097806059242765903E+09
 1.112664951712791681E+09
-4.885964966741316319E+08
 3.762180435199010372E+08
 2.354091004680150002E+07
-6.718069502707961202E+07
 7.961526475636239350E+07
-4.408945118993453681E+07
-3.283076583571089432E+07
 1.379478101583618522E+08
-2.547265333188699484E+08
 3.064266224224476814E+08
-2.551024798328570724E+08
 2.938935198491387963E+08
-3.770914003846665621E+08
 3.498766731225521564E+08
-5.826476302190610170E+08
 1.283343574740371466E+09
-1.495944790961418390E+09
 7.523117463396242857E+08
 4.105469576459479928E+08
-1.724852909743193388E+09
 2.341776006305388451E+09
-2.031938251700174510E+08
-4.126154798984242439E+09
 8.590521230948297501E+09
-8.042992407613169670E+09
 3.723794237422783852E+09
-3.904518460357546329E+09
-4.653163949736238718E+08
 1.137949206012348890E+09
-9.417742331637758017E+08
 2.654007668912726641E+08
 3.958575219715853930E+08
-1.226228201700440645E+09
 1.942210321888204813E+09
-2.237255861272894859E+09
 2.234119608797403336E+09
-3.328294478836400509E+09
 5.400394854210986137E+09
-5.078093843580406189E+09
 3.584436096061582565E+09
-6.116026762174666405E+09
 8.259656623039345741E+09
-4.523896348288117409E+09
-2.525838199048616409E+09
 1.003463430141272163E+10
-1.141348377447817421E+10
-5.477775266494056702E+09
 3.068443962783731079E+10
-5.062039370609407806E+10
 4.380205234420883942E+10
-1.971412922664362335E+10
 2.634683613895907211E+10
 6.627083212269649506E+09
-1.609280688161987114E+10
 1.322366085602687454E+10
-4.395520512666320801E+09
-1.567283124123396158E+09
 7.966072220398283005E+09
-1.388921846978473473E+10
 1.586478430774685287E+10
-1.425853350466687012E+10
 1.670683982404795265E+10
-2.699499841161276627E+10
 2.926307555409411621E+10
-1.937971877787901688E+10
 2.598226678652401352E+10
-3.748379288838816833E+10
 2.232966295586206436E+10
 1.003237957166349030E+10
-4.039541265051252747E+10
 3.353254993239825058E+10
 6.438054709637413025E+10
-1.832495650766004333E+11
 2.530279775713620605E+11
-1.959647253408205261E+11
 7.748138989030575562E+10
-1.542200772907563782E+11
-3.348245669608561707E+10
 8.092913890814521790E+10
-6.557958053555583191E+10
 1.887085017906223297E+10
 1.461133697517211151E+10
-5.177044213368092346E+10
 9.575043267692666626E+10
-1.191247032427859802E+11
 9.313384938292991638E+10
-5.522570407803779602E+10
 5.942789094349771118E+10
-6.791452902407402802E+10
 4.412563183252708435E+10
-6.957580760348979187E+10
 1.287653572171467896E+11
-1.005634179345156097E+11
-2.394022738867640305E+10
 1.281862264008525543E+11
-2.590404991528623104E+09
-4.696940364121416016E+11
 8.089057152209633789E+11
-7.346572321577489014E+11
 3.250857715314020386E+11
-8.026784601896736145E+09
 8.801246129977241211E+11
 5.872720722545845032E+10
-1.413972155248741455E+11
 1.114671223390274506E+11
-2.037657743024676895E+10
-5.832285381130459595E+10
 1.634262595218603821E+11
-3.179087713017979126E+11
 4.413045862402134399E+11
-3.634692929145801392E+11
 1.423615526450863037E+11
-2.633955002788523483E+10
 3.917370336879533768E+09
 1.750386680260611343E+10
 5.174388251163711548E+10
-1.918388295001353455E+11
 1.926217823141552124E+11
 7.272039257941850281E+10
-3.014432670103783569E+11
-1.707349258161337891E+11
 1.346795637345647217E+12
-1.685268448667693115E+12
 6.261713011161500244E+11
 6.280674466818161621E+11
-8.101632917601201172E+11
-2.480000513464039551E+12
-6.037534764340171051E+10
 1.453369743599308777E+11
-1.084818909495073395E+11
-8.844162307131994247E+09
 1.429247222608529358E+11
-3.777743469438541260E+11
 7.910732838901545410E+11
-1.209891601695380371E+12
 1.097005035976058594E+12
-4.116832195312689819E+11
-8.371225722681828308E+10
 2.332263862591073914E+11
-2.456447957137626648E+11
 9.608938555745414734E+10
 1.241660824434528656E+11
-1.796939072049460754E+11
-2.728228549559045105E+11
 7.166479581609670410E+11
 3.641859066430028076E+11
-2.616517603141005859E+12
 2.551468238857160156E+12
 7.137516404403148193E+11
-3.404463154798237305E+12
 2.827447190613792480E+12
 5.104857728031335938E+12
 2.989099329578063583E+10
-7.228999943401052856E+10
 5.182120999899409485E+10
 1.704460934544779396E+10
-1.074761260189218140E+11
 2.886207424918554077E+11
-6.297519771910543213E+11
 9.994902020713739014E+11
-9.448850654029641113E+11
 3.671486812437686157E+11
 8.127462799862863159E+10
-2.203513246639021606E+11
 2.277136813172410583E+11
-1.149488633277333527E+11
-1.961008719977982712E+10
 5.420953546345954895E+10
 2.560069209136518860E+11
-5.832383505392985840E+11
-2.055567088771369324E+11
 1.806010846243331299E+12
-1.617142663967378174E+12
-9.639628723226613770E+11
 2.931201615809877441E+12
-2.308869453106745117E+12
-3.686246570095981934E+12
 7.301537861001316924E+05
 8.485245546145429835E+05
-6.307555214952213690E+06
 9.527611562376385555E+06
-1.026882432386858761E+07
 9.506543341625768691E+06
-4.564860809147065505E+06
-2.040328249018030008E+06
 1.342513410176504403E+07
-7.332200932532011531E+06
-1.078534546891533583E+08
 3.093992234063192010E+08
-3.177516288864428401E+08
 1.577982190074013770E+08
-5.176966985686030984E+07
 6.920181482278929092E+06
 1.358861347309767269E+06
-8.246667280853201635E+06
 2.138405997803145647E+07
-3.873901287371294200E+07
 3.973577692933511734E+07
-1.222460730447215401E+07
-1.724757744242811948E+07
 2.313705505644471198E+07
-2.801204250402760506E+07
-2.607973464823026210E+06
-9.167974252262990922E+06
 4.081747725500581414E+07
-5.433792655343545228E+07
 4.988942217325214297E+07
-4.292818767403850704E+07
 2.079538718562253937E+07
 5.514793650146929547E+06
-4.162290553865782917E+07
 5.088418324219833314E+07
 1.874661299561894834E+08
-6.253514004075435400E+08
 6.162179846318117380E+08
-2.216513595298195779E+08
-1.156766973146652570E+06
 5.621261637279427797E+07
-5.796710953712146729E+07
 9.050448839748279750E+07
-1.580398708230272233E+08
 2.363813461088687778E+08
-2.553410867459085882E+08
 1.519360114548592865E+08
 2.125789520627149194E+07
-1.109673831442456543E+08
 1.651910053174070716E+08
 2.346187351280960441E+07
 5.450837952116008848E+07
-2.985841984198141694E+08
 4.106821021038671732E+08
-3.499084447246662974E+08
 2.908008439362233877E+08
-1.611015480744147301E+08
-1.190403300336660072E+07
 1.938110013005074263E+08
-4.314738922496679425E+08
 3.973613286950042248E+08
-2.434040739656957984E+08
 7.322228767500417233E+08
-1.654766060107537270E+09
 1.721969302351161242E+09
-1.120878919845320463E+09
 8.039761408705844879E+08
-1.050716068262869239E+09
 1.578493241999315977E+09
-2.226860454039788723E+09
 3.097217506238532066E+09
-3.556829037484701157E+09
 1.807713244846342802E+09
 4.656359841572492719E+08
-1.646243636653464556E+09
 2.997459158238056302E+08
-1.041931146484459281E+09
 1.601642673739991903E+09
-1.588445782528184891E+09
 1.558886840961586714E+09
-1.585252489162965536E+09
 1.011422338640921950E+09
-1.103653642064715773E+08
-7.341446461897373199E+08
 2.062416183324925900E+09
-3.587369499820054531E+09
 5.090673267662856102E+09
-7.019490954931082726E+09
 1.005534823074220657E+10
-1.015276776801497459E+10
 6.964041681253761292E+09
-5.051167245927526474E+09
 6.571981996379649162E+09
-9.746507305659002304E+09
 1.446972871421070480E+10
-2.301074359981165695E+10
 3.163046211331840134E+10
-2.098511280137316895E+10
 1.557294095277007103E+09
 8.351115889654659271E+09
-3.015015743272117138E+09
 7.380009504139921188E+09
-5.997387785637251854E+09
 2.826674381569798946E+09
-5.376829638644742966E+09
 8.895781576537590027E+09
-5.913565834171020508E+09
 6.340021129657841921E+08
 1.584650997296251774E+09
-5.295847518595532417E+09
 1.300341992710373497E+10
-2.117557767187551880E+10
 2.840190102820018387E+10
-4.085340264805595398E+10
 4.415295811074730682E+10
-3.666449197251851654E+10
 3.441568297345285797E+10
-4.762919310295339966E+10
 6.486969264381127167E+10
-8.114729594273477173E+10
 1.212926259993526764E+11
-1.799764261143237000E+11
 1.370646582711217041E+11
-3.206485313075074387E+10
-2.735021786233748627E+10
 4.475671002930341721E+09
-9.621084800131725311E+09
 5.775485983105835915E+09
-1.282296374309087181E+10
 5.164785394387511444E+10
-8.072635694146815491E+10
 5.180397032976852417E+10
-1.287406467921390533E+09
-1.119241750609504890E+10
 4.187455231928007126E+09
-2.063874271602853012E+10
 5.290295179456572723E+10
-8.441312133854586792E+10
 1.289589398956007080E+11
-1.457057893059223328E+11
 1.336153347301394501E+11
-1.205952615262838135E+11
 1.308951090136930237E+11
-1.376392675505517883E+11
 1.480487018474131775E+11
-3.500650948284741821E+11
 7.547476923382825928E+11
-7.295591535430360107E+11
 3.050464159083340454E+11
 5.618257929650161743E+10
 7.044778585076698303E+09
-1.673112153407199669E+10
-1.650229042064068079E+09
 1.004236884184024353E+11
-2.888873305570324707E+11
 3.918709248779964600E+11
-2.544921692799313049E+11
 1.724747601680684280E+10
 8.023949943650073242E+10
-2.308131570971420288E+10
 6.150783294546953201E+09
-7.220394246923149109E+10
 1.269802303847414856E+11
-1.848309720567563477E+11
 2.165754196355610352E+11
-1.977379769757060547E+11
 8.882596977370382690E+10
 1.083929461752084961E+11
-3.471290145077351074E+11
 4.016167048023971558E+11
 3.125565459880825195E+11
-1.736109384616340332E+12
 2.067056528405664307E+12
-1.100206729750810303E+12
-6.215124682357674408E+10
-2.246471459562765121E+10
 4.526625571242724609E+10
 4.470371969038928223E+10
-3.964200531481744385E+11
 9.925681565684495850E+11
-1.287793250495495850E+12
 8.533960113358718262E+11
-9.863877441036805725E+10
-3.125771713327886353E+11
 1.524816409390400085E+11
 1.551505947199069786E+10
 9.576956741434185791E+10
-1.396321556280299377E+11
 1.347336691113281555E+11
-1.761187217871677246E+11
 1.629782471889250793E+11
 1.754528842201345825E+11
-9.546158584217303467E+11
 1.901118348344960693E+12
-2.119671777107160156E+12
 2.389636366769122620E+11
 3.329144506373596191E+12
-4.553392523010786133E+12
 2.688341306019493164E+12
 1.042666904279386444E+11
 1.372439670083200645E+10
-2.432711102434990311E+10
-5.518131151327624512E+10
 3.570392223725462646E+11
-8.713285194888945312E+11
 1.126752557780746582E+12
-7.534216188404606934E+11
 1.006013311607855988E+11
 2.843242166516482544E+11
-1.588050862086404114E+11
-1.214921061544951057E+10
-6.654462884466529846E+10
 8.077733808233012390E+10
-4.396482195236346436E+10
 6.972454229891120911E+10
-7.674160391753031921E+10
-1.817664409522059021E+11
 8.283931279761278076E+11
-1.638255209699005859E+12
 1.841527860224855469E+12
-3.559520044285053101E+11
-2.426831752694401367E+12
 3.433145622120424316E+12
-2.065241009041549316E+12
-1.026352216865542450E+11
 7.155798888193704188E+05
-2.166343599939862266E+06
 2.482069102986453567E+06
-1.435250495024577482E+06
 6.238785643989099190E+05
 3.622708644611486234E+05
-2.421766796463636681E+06
 5.566006240512090735E+06
-1.939286903376678750E+07
 8.251758344343982637E+07
-2.446725623580988348E+08
 4.303205567633422613E+08
-3.901522492937933207E+08
 2.087657386250490248E+08
-8.858064080102914572E+07
 1.958315253349387273E+07
 3.392931967889435589E+06
-1.518491835700645298E+07
-1.150148557699874043E+06
 4.524380530148196220E+07
-6.844504990725481883E+06
-1.554779814205912948E+08
 1.921889796729750931E+08
-7.135887960742504895E+07
 1.678661941798196360E+07
-3.261712189691012725E+06
 9.906856957662904635E+06
-1.124982498345715925E+07
 4.405908815299318172E+06
 3.606141234763010405E+06
-1.037403631485050358E+07
 1.841667708483220637E+07
-2.699583275441155210E+07
 5.068594268365157396E+07
-1.546192572760503292E+08
 4.612203940258024931E+08
-9.008154446731361151E+08
 9.162307903378100395E+08
-5.640947568801555634E+08
 2.548823354974060357E+08
-5.200825303617332131E+07
-1.205777025080676936E+07
 4.691181951959988475E+07
 3.127040713748640195E+07
-2.387167780664473772E+08
 5.683975046861398220E+07
 7.332329279046456814E+08
-9.242687423888838291E+08
 3.350029384512822628E+08
-6.523263849079996347E+07
 1.983198078170527006E+06
-9.753266910618303344E+06
 8.383277876626123674E+06
 3.892715217749324441E+07
-1.257396573139490634E+08
 2.045870748752363920E+08
-2.713020165907851458E+08
 3.142407647001631260E+08
-2.383811643900465667E+08
-1.772483292723261416E+08
 7.832390354348099232E+08
-4.736694365668707490E+08
-7.363732134501256943E+08
 1.439219392283849478E+09
-1.021978641454102635E+09
 3.303543656769304872E+08
 3.317457006914556026E+06
-3.306512757950238585E+08
 2.257046750838358998E+08
 8.587104591081583500E+08
-7.076399513378272057E+08
-2.406225321599284649E+09
 3.492820399644447803E+09
-9.670220004581872225E+08
-1.742545483771294355E+08
-1.806207170365583003E+08
 4.352035961840817928E+08
-2.950660945799801350E+08
-1.888909969216434360E+08
 8.343161919128574133E+08
-1.555092801669759750E+09
 2.133861737719095230E+09
-2.315021863858378410E+09
 1.226148569896513462E+09
 2.703052566700170517E+09
-8.961956003379119873E+09
 1.091327163394876099E+10
-3.920047799151843548E+09
-4.151724314928506374E+09
 5.450271179059271812E+09
-3.288122624187017918E+09
 9.160108420933886766E+08
 2.295019534889580250E+09
-4.142548137449853420E+09
 2.527267960084989667E+08
 3.436231138656654358E+09
 3.992743302448791027E+09
-1.010576801905832481E+10
 3.368347301453750610E+09
-7.589762712010095119E+08
 2.884163260569598675E+09
-6.966713350304986000E+09
 5.453628433502452850E+09
-6.645842088541668653E+08
-4.049998791459459305E+09
 9.799547343050819397E+09
-1.496498379368922997E+10
 1.599142583192334557E+10
-7.995419464408159256E+09
-1.281852366054801750E+10
 4.109228938926179504E+10
-5.242288846596707916E+10
 2.431302136432971191E+10
 1.546579898329737282E+10
-2.730728448851786041E+10
 2.069854371715488434E+10
-1.117753026690818024E+10
 1.823278429944682121E+08
 7.333101623186393738E+09
 1.959898802941524386E+08
-1.068818014527099419E+10
-2.206505558818381119E+10
 5.671572903997174072E+10
-3.161955999176732254E+10
 2.763571509194254303E+10
-1.468358118442833138E+10
 3.534917599087202454E+10
-2.755872989591207886E+10
 3.010855690334312439E+09
 2.198232320992614746E+10
-5.674873200243630981E+10
 9.876981108387882996E+10
-1.182971929059082184E+11
 7.725059127859687805E+10
 9.355928812580837250E+09
-9.304153216905064392E+10
 1.300957117512158661E+11
-6.461835381547369385E+10
-5.175594912876042175E+10
 8.233390405816545105E+10
-2.844092437732498550E+10
-1.231056200997463417E+10
 5.667242652702717781E+09
 1.779719085867313004E+10
-1.187963963239625168E+10
-6.145855597201736450E+10
 2.839224452481024780E+11
-3.547719882614078979E+11
 1.138460693046424255E+11
-1.009270707842764587E+11
 2.570715210459725952E+10
-6.156095470346189117E+10
 4.603194488870293427E+10
 3.237086327513400555E+09
-6.265321796640682983E+10
 1.625140375993177185E+11
-3.184311148028536377E+11
 4.368677144630805664E+11
-3.437110462004674072E+11
 9.981067501419723511E+10
 6.394675958386525726E+10
-1.240977596236285248E+11
 7.689297066483305359E+10
 6.446718844299008942E+10
-8.127104313220526123E+10
-1.143778730579139862E+11
 2.661813081022315979E+11
-2.326680704590704346E+11
 1.177162498843393097E+11
-1.566425692692747803E+11
 4.996098381819740601E+11
-1.166404960452092773E+12
 1.064293296093238159E+12
-8.026393133599873352E+10
-2.006289291287216949E+10
-2.629407260673106766E+10
 6.264463074743908691E+10
-4.220906639579331970E+10
-2.542753760341486740E+10
 1.303523303380837555E+11
-3.530344898249050903E+11
 7.779141832760827637E+11
-1.198550908923862061E+12
 1.062118566156013428E+12
-4.237376527243433228E+11
 5.345845165566158295E+10
 1.194937311873011398E+10
-6.115574336312367249E+10
-3.417489696286512375E+09
-2.108517363452547836E+10
 4.523704039284478760E+11
-8.923483084985059814E+11
 9.818146457485139160E+11
-8.143907834032336426E+11
 8.959546828747056885E+11
-1.645038109556859619E+12
 3.021285295197745605E+12
-2.366027294718534668E+12
-1.991872438378201599E+11
 6.189750119223238525E+11
 1.297794486519305229E+10
-3.091235758374148560E+10
 1.893420124824772644E+10
 2.231547748161348724E+10
-9.461935933870964050E+10
 2.657670964536493835E+11
-6.162315831826623535E+11
 9.914802105373790283E+11
-9.146534646243577881E+11
 3.796102754296517334E+11
-6.552954642138434601E+10
 3.191495109230007935E+10
 2.980215756066779709E+10
-2.802319354482397079E+10
 4.556268770658146667E+10
-3.488699349045916138E+11
 7.122489055569620361E+11
-8.573225235829925537E+11
 7.885780788723785400E+11
-8.525101446208049316E+11
 1.372990497371999268E+12
-2.352777224774458496E+12
 1.774634606933897461E+12
 2.253470705578016968E+11
-6.125584081798625488E+11
 9.341674302379868459E+05
-8.290254609512287425E+05
-2.427227348080448806E+06
 4.053826183666090015E+06
-1.951643793103575939E+06
 5.816690355036550318E+04
-1.500674972345419461E+06
 7.935712835706287064E+06
-3.455178208353418857E+07
 1.241218266875389665E+08
-2.835867281638465524E+08
 3.920899744105232358E+08
-2.976654061453241706E+08
 1.502595118795837760E+08
-8.790286676676875353E+07
 5.580650154648697376E+07
-4.015148749819208682E+07
 2.563929699528070912E+07
 4.794598661839322187E+06
-4.500378899929524213E+07
-6.294296403442075476E+06
 1.799743866696971655E+08
-2.325596150399304330E+08
 1.183535551885160357E+08
-3.024360552454748005E+07
-4.472105421068704687E+06
 2.430892086903322022E+06
 1.676982653678150289E+07
-2.750551823314269260E+07
 1.847140389870534465E+07
-6.652291432975225151E+06
 4.987062609200473875E+06
-1.205601447292451560E+07
 5.108188855844267458E+07
-2.310119883917066753E+08
 5.730206563871386051E+08
-8.001931614099719524E+08
 6.228846812283893824E+08
-3.939861405328618288E+08
 3.289713246408503652E+08
-2.633176407084621489E+08
 1.836628172057912946E+08
-8.678745979142798483E+07
-7.704721519477362931E+07
 2.583424737844715416E+08
 2.660583733070001751E+07
-9.306295947484290600E+08
 1.226674676826709032E+09
-6.494559851557376385E+08
 1.569833095990607738E+08
 2.502707395634854957E+07
 9.461350049773175269E+05
-1.493531366557076275E+08
 2.482732418736067414E+08
-2.118611913515695333E+08
 1.201013349968627840E+08
-3.605808852402552962E+07
-4.218951478529669344E+07
 2.181978080789047182E+08
-3.679082271654083133E+08
 2.905856934671916962E+08
-1.247815461562749445E+08
-2.013158601580894291E+08
 1.137857000403297186E+09
-1.987078185282109022E+09
 2.052438409739064217E+09
-1.375065422028089046E+09
 3.131371120321055055E+08
 9.272680491164860725E+08
-1.689653616931189775E+09
-2.019624916035085618E+08
 5.540969913686420441E+09
-7.965195874810791969E+09
 4.986422672832481384E+09
-1.155198886788902998E+09
 7.650772887575341761E+07
-3.633045001739358902E+08
 7.589049740705521107E+08
-9.952183574535850286E+08
 1.066752062447514772E+09
-8.216566561706950665E+08
 2.043335528970823586E+08
 4.861794494173171520E+08
-1.911499842631788254E+09
 4.643604853184747696E+09
-6.857147873613545418E+09
 6.194623535662483215E+09
-2.189269643431893826E+09
-4.295151082691395760E+09
 9.343335456354280472E+09
-1.059058463583613777E+10
 7.560172396549088478E+09
-1.307347434910572529E+09
-5.761381299088659286E+09
 7.385935989884344101E+09
 3.013117460802491188E+09
-2.696934992805739594E+10
 3.957082501682611084E+10
-2.639521946315944290E+10
 4.049688220715077400E+09
-1.069060798745466471E+09
 2.652126726545503139E+09
-2.316117620542765141E+09
 1.891625760247620106E+09
-4.217217934422447681E+09
 5.522171960135779381E+09
-1.731159791671430826E+09
-3.881083857124477863E+09
 1.066276378394871902E+10
-2.267843238202594376E+10
 3.439688315067436218E+10
-3.388136425874697495E+10
 1.543301551299987793E+10
 1.612424212407180977E+10
-4.224907967491577911E+10
 5.482391539425286102E+10
-4.480644393010134888E+10
 8.176980235458331108E+09
 3.792047894770887756E+10
-4.553090238433279419E+10
-5.161070139294314384E+09
 9.550694398110757446E+10
-1.434265408110436401E+11
 9.362708478849366760E+10
 3.122510308673101807E+10
 1.554695249181049824E+09
-3.158597368818168640E+09
 1.959064031023711205E+09
-9.297094610650209427E+09
 3.589138824693566895E+10
-5.407278297260510254E+10
 2.890122220809408188E+10
 1.877890469682456589E+10
-4.579283445689141083E+10
 5.678588390222415924E+10
-7.878324446009509277E+10
 9.929229500367893982E+10
-6.488017060068049622E+10
-3.941713490555296326E+10
 1.508526204132893677E+11
-2.436054905962413330E+11
 2.496229492146787415E+11
-1.372264382503616180E+11
-3.270213121096904755E+10
 1.414760341342614136E+11
-1.712228835719245605E+11
 2.137272822511978760E+11
-1.101047191007411957E+11
 1.561281589363571739E+10
-7.047712098159924316E+11
 2.750486411547494411E+09
-6.359814611267618179E+09
-4.379417391262219429E+09
 6.277460262269097900E+10
-1.805930548362084961E+11
 2.545957928405360718E+11
-1.652268201602505493E+11
-2.551801375018600845E+10
 1.185412819464542694E+11
-6.229825225444878387E+10
 4.117206495296778870E+10
-1.141911301062715607E+11
 1.217551957019297638E+11
-5.109828325636603832E+08
-1.955479138701132507E+11
 4.643485968562171631E+11
-6.258633523003232422E+11
 6.281287730707343750E+11
-5.039932791089709473E+11
 8.776466339243962097E+10
 7.542622483773089600E+11
-1.965647321267248779E+12
 1.916150240881272217E+12
-9.285831877992960205E+11
 2.932638546511488281E+12
-8.228003118868930817E+09
 1.456366632506813622E+10
 3.526109989388998413E+10
-2.343065937908829041E+11
 5.935595925637131348E+11
-8.123165489862696533E+11
 5.730117767667723389E+11
-2.315368453341052246E+10
-2.804795879641087646E+11
 6.276320771812589264E+10
 1.106158060711210632E+11
 4.512608171897874451E+10
-1.709214862592949829E+11
 1.931629270072756653E+11
-1.256586985023834991E+10
-5.363415500378140259E+11
 1.115280566749282471E+12
-1.682630564028831543E+12
 2.078686857483158203E+12
-1.126439196278022217E+12
-1.767489824321373047E+12
 5.799055775886709961E+12
-5.969294966874466797E+12
 2.982885042557666992E+12
-7.438087415121533203E+12
 4.857026403278324127E+09
-6.522582249857355118E+09
-3.761416151234912109E+10
 2.081985547228681641E+11
-5.154706083235159302E+11
 7.035201928970076904E+11
-5.077210761687517090E+11
 4.590769027645585632E+10
 2.284168151167825317E+11
-4.794970887645262146E+10
-1.181094997341031952E+11
 3.448301756016314030E+09
 1.081677775103205872E+11
-1.928743375862702026E+11
 1.249428982725662689E+11
 2.731645307833859558E+11
-7.580118524090245361E+11
 1.308979697023668457E+12
-1.765403689980052246E+12
 1.072873989011677368E+12
 1.296859816817430908E+12
-4.569107325291489258E+12
 4.743859848557154297E+12
-2.376914327878009277E+12
 5.746442930434184570E+12
 4.371934602636614727E+04
-3.519229393044176977E+05
 4.850028072146850755E+05
 1.336071638015286066E+06
-5.353211303531935439E+06
 8.103741395339003764E+06
-8.117064721889146604E+06
 1.028658283222003654E+07
-2.063707263806840777E+07
 4.333019852176336944E+07
-6.932923800927856565E+07
 6.695548779463839531E+07
-2.611313281134324893E+07
-1.460927573556105047E+07
 2.681608000099173933E+07
-2.249595984137752652E+07
 1.473437065930348076E+07
-1.128619115600822307E+07
 1.240239776359466650E+07
-2.890652499499722384E+06
-2.517541682120398805E+07
 8.439549104985398054E+07
-1.149861457833161205E+08
 8.477968122274239361E+07
-5.686033059604608268E+07
-1.233148365435515298E+05
 1.284978687203690410E+06
-1.922393110969843809E+06
-4.766812125235166401E+06
 1.990563312265922502E+07
-3.173109283512113243E+07
 3.489464370610903203E+07
-4.036665742844593525E+07
 5.205511635050632060E+07
-8.649476882877813280E+07
 1.639035133196913302E+08
-1.847208816280429363E+08
 4.591514871714042872E+07
 1.385169893763641715E+08
-1.914279098985159397E+08
 1.382517833494184017E+08
-7.067179106301985681E+07
 3.514731322930452973E+07
-2.997832871174897626E+07
-3.243606641401382908E+07
 1.590800803588376343E+08
-4.232266396008588672E+08
 5.975904630268120766E+08
-4.831996596435249448E+08
 3.406619362824134231E+08
-3.085482553263668437E+06
 6.281459444631069899E+06
-1.143356060892948881E+07
 4.860538257899488509E+07
-1.247501178135585040E+08
 1.984771706808554232E+08
-2.512358804820441008E+08
 2.505573652232839167E+08
-9.050456831183589995E+07
-1.362982850162762590E+07
-4.608913288500406146E+08
 9.300189197002153397E+08
-1.071130529550416172E+08
-1.546248705592453003E+09
 2.126737480556029558E+09
-1.479069628284818888E+09
 5.941126075889728069E+08
-3.052326366476903856E+07
-3.841068248179532886E+08
 1.413931765533594131E+09
-1.824931099521923780E+09
 2.251247532665313244E+09
-3.771248287468484402E+09
 4.270862698287755489E+09
-3.458690380208155155E+09
-3.182637240068572760E+07
 6.676920813645313680E+07
 1.923092031323552504E+07
-2.977390852750939727E+08
 7.794166349449490309E+08
-1.315293459538450718E+09
 1.644566245179563046E+09
-1.430490894579104424E+09
 3.618265643522486687E+08
 5.813834499892696738E+07
 2.714239254506280422E+09
-5.591209834339807510E+09
 1.581964618641953945E+09
 7.602359822634005547E+09
-1.155037257262987518E+10
 8.505871071885389328E+09
-3.574421810229978085E+09
-9.870779954300887883E+07
 4.565501603281880379E+09
-1.317366724905457497E+10
 1.241073403510000801E+10
-5.602898648704163551E+09
 1.164908045183266258E+10
-1.885580433375437546E+10
 1.479901568088557434E+10
 6.398057118605443239E+08
-1.500453839346079826E+09
 9.030481893745044470E+08
 1.062904069257978201E+09
-4.331831736877645493E+09
 8.956853004193933487E+09
-1.221875137559215927E+10
 1.030190293809932709E+10
-3.237849621725740910E+09
-1.518072398741189539E+08
-1.001594696710453415E+10
 2.165361329105225754E+10
-6.831641341514244080E+09
-3.076426287745060349E+10
 4.796680968785353851E+10
-3.347966040869073868E+10
 1.002786310730530930E+10
 8.446684114738589287E+09
-4.087149427746697998E+10
 1.105918489603456726E+11
-1.158894621212853088E+11
 6.160173862340719604E+10
-5.928336773032881927E+10
 6.492321499856015015E+10
-1.779728359412300873E+10
-3.294904757248104572E+09
 7.799169846563638687E+09
-5.189553797693291664E+09
-3.912208211738089561E+09
 2.102169218388867950E+10
-5.349409893687443542E+10
 8.976210359871441650E+10
-8.839233259985821533E+10
 3.168905299704855728E+10
 1.804242240065645981E+10
-3.142973311766338348E+08
-3.984698014396044922E+10
 6.609393520563133240E+09
 1.023795584400204010E+11
-1.464935612265760803E+11
 6.555730068135951233E+10
 4.206240530305552673E+10
-1.125470230235526276E+11
 2.374390413332814026E+11
-5.820072282439050293E+11
 7.501972753127843018E+11
-7.788283304706225586E+11
 7.657434096003626709E+11
-4.318561068063724365E+11
-1.601369639520643005E+11
 5.743364372627195358E+09
-1.352435078560886955E+10
 8.477230814113080025E+09
 1.009820296140006828E+10
-5.213430775375780487E+10
 1.519378555645649109E+11
-3.032626127043629761E+11
 3.567725882338825073E+11
-1.673508193874006042E+11
-7.119538997196176147E+10
 8.292364645939916992E+10
 2.557594378188346100E+10
-1.026819966501709366E+10
-1.425989541264378052E+11
 1.983005378896342163E+11
-1.170441767286841011E+10
-2.390499549185882568E+11
 4.075325092376245117E+11
-5.910066283572802734E+11
 1.184311635549053711E+12
-1.772496864215502686E+12
 2.677675973385558105E+12
-2.958134009639530273E+12
 1.540250097831618408E+12
 6.965640842529840088E+11
-5.807611314570985794E+09
 1.354219276236808586E+10
-6.765809571822343826E+09
-2.083831899108516312E+10
 9.952436956314683533E+10
-3.267226308943378296E+11
 7.559757166837397461E+11
-1.032433235095903198E+12
 5.978948747095346680E+11
 1.499855585630473633E+11
-2.836739614987446289E+11
-1.890651043889604330E+09
 7.449222418451240540E+10
 6.460017906734099579E+10
-1.354411620233652954E+11
-1.116035384912310791E+11
 5.639416258025515137E+11
-9.881510508042838135E+11
 1.160165428924757568E+12
-1.614843720609990967E+12
 2.775657300227231445E+12
-5.825555828861458984E+12
 7.059805396716770508E+12
-3.679335228354088379E+12
-1.653443303409729980E+12
 2.844320294893520355E+09
-6.608064086329648018E+09
 2.544537874715751648E+09
 1.516430772640466118E+10
-7.108477024517875671E+10
 2.454262760796790771E+11
-6.011959308609151611E+11
 8.681496121224158936E+11
-5.409699884242978516E+11
-1.038389842443634033E+11
 2.412762296947862549E+11
-1.648966107378405094E+09
-7.653185804727015686E+10
 8.631102817370594025E+09
 4.659278937810429382E+10
 7.958488709475737000E+10
-4.020747273764459229E+11
 7.723334914192265625E+11
-8.742144309166275635E+11
 9.943557114005712891E+11
-1.779084137942899902E+12
 4.244401972502888184E+12
-5.306058952855076172E+12
 2.778175279327538086E+12
 1.230278630013205078E+12
 1.991284595756174240E+05
 2.943293776416892069E+05
-1.663926274070802145E+06
 1.366942992751222569E+06
 2.973700077251918265E+05
-3.333066980219041579E+05
-1.776441681332791049E+05
-2.417312435877177864E+06
 8.905690172138683498E+06
-2.823970002432560176E+07
 8.071233943952289224E+07
-1.342272248662198484E+08
 1.035825433476251066E+08
-3.507468575363104045E+07
 1.030345521311545186E+07
-1.198695302215690911E+07
 1.826301927317037806E+07
-2.054352955277622491E+07
 1.495210316663321666E+07
-1.007554328624712117E+07
 4.231478177029655129E+07
-1.149261638314774781E+08
 9.345041446029223502E+07
 3.462558400560255162E+06
-3.237444948525257036E+07
-1.126468900153572904E+06
-1.575321123787007760E+06
 9.586469552672857419E+06
-9.947500057713454589E+06
 4.672188303581874818E+06
-7.653924562221270986E+06
 1.156534476242186129E+07
-3.974512652509330306E+06
 6.474691280573608819E+05
 3.721188902750547044E+06
-7.364356556645880640E+07
 1.525870591717067659E+08
-8.205124513455778360E+07
-3.738834068121588975E+07
 3.221185796111612767E+07
 4.854403406014785916E+07
-1.046764369537797570E+08
 1.227278982924290299E+08
-1.111343925014244616E+08
 1.225031509522887021E+08
-2.600512021203022003E+08
 5.126104838220790625E+08
-3.404730700879804492E+08
-1.214070737271681279E+08
 2.370334098508484960E+08
 6.047908804843956605E+06
 1.355034351390463859E+07
-7.448557692464567721E+07
 1.029220457297052145E+08
-1.102037388151629865E+08
 1.742765079719592929E+08
-2.302989324728829861E+08
 2.218683165894788206E+08
-3.736669018440466523E+08
 8.448025806912134886E+08
-1.284617260083505392E+09
 1.572986180221774578E+09
-1.675493653995177507E+09
 1.539123594333701611E+09
-8.392594248609114885E+08
-3.348279409203240275E+08
 1.078145250446779251E+09
-1.368222300480974674E+09
 1.843296449945057392E+09
-2.960774125896367550E+09
 2.866668756640509129E+09
-6.438707114080263376E+08
-2.265132722911442757E+09
 3.863035701654209614E+09
-3.586418142716936588E+09
 1.194128643804366700E+07
-1.099930126817422509E+08
 3.069368501927179098E+08
-4.919850806531974077E+08
 7.670633480681992769E+08
-1.259063523643908024E+09
 1.633060957685189486E+09
-1.656125754460082054E+09
 2.492440280931612968E+09
-5.344414298879829407E+09
 8.183993547960874557E+09
-9.244879382217168808E+09
 8.762535450538238525E+09
-7.829168852947342873E+09
 4.421377627978120804E+09
 1.973096289578821182E+09
-6.256360795230690956E+09
 7.914688850226243973E+09
-1.314104793235746384E+10
 2.483172482376285172E+10
-2.040776391276084137E+10
-7.279605995007240295E+09
 2.671113033390964127E+10
-2.618564427856975555E+10
 1.946934916901085663E+10
-1.906956687774694562E+08
 5.329737515687344670E+08
-7.305506565535700321E+08
 1.518364538578068018E+09
-4.066642431249978542E+09
 7.457374921630495071E+09
-9.380307598066129684E+09
 9.395074992299512863E+09
-1.225222557636927605E+10
 2.341650422065869522E+10
-3.521011024804605865E+10
 4.042105735625706482E+10
-3.904610912604367828E+10
 3.360973449413111496E+10
-1.424049491208423233E+10
-2.369142304236215591E+10
 5.066562840581649780E+10
-6.304449804614035797E+10
 1.080698105680845795E+11
-2.011432542102822571E+11
 1.631005110796074524E+11
 4.319490336587363434E+10
-1.572285206747519531E+11
 1.208593050519039459E+11
-5.775564142557295990E+10
 2.673878136636655033E+08
-5.614124069646377563E+08
 1.027193891089693546E+09
-7.021303587292668343E+09
 2.528573207609734726E+10
-4.828305604497752380E+10
 5.773988062702872467E+10
-5.300289542007012939E+10
 5.917148763526538849E+10
-8.500453655330416870E+10
 1.076513846979931183E+11
-1.365745988702673492E+11
 1.546063225333786621E+11
-1.334220276995071411E+11
 3.187009786857562256E+10
 1.891183339446172180E+11
-3.699079528969672241E+11
 4.593235742148260498E+11
-6.530031771735949707E+11
 9.707292283390090332E+11
-5.789972343052689209E+11
-7.287814692076457520E+11
 1.320279592256814453E+12
-7.970609252880207520E+11
 1.954345257584086914E+11
 4.992616502437025309E+08
-9.421430281060953140E+08
-3.760428224275295734E+09
 2.964921156288221359E+10
-9.372421107173779297E+10
 1.723506258466614990E+11
-2.023175525741964722E+11
 1.727574780773075562E+11
-1.730021118436524963E+11
 2.123371671953649597E+11
-2.099716366970336304E+11
 2.539128331236753235E+11
-3.165717225443159180E+11
 2.846500598858883057E+11
-6.696366043648050690E+10
-4.884953173774384766E+11
 1.020173299000507446E+12
-1.294721156373701416E+12
 1.523866910977792725E+12
-1.583571853732373291E+12
 6.396998987489710236E+10
 3.623183044444859375E+12
-4.989116110087969727E+12
 2.752136570420822754E+12
-5.491606144497521362E+11
-1.351922833794408083E+09
 1.284790704951880217E+09
 1.654335960124435043E+10
-9.298139154557035828E+10
 2.638746312057864075E+11
-4.690731699616168213E+11
 5.506827555194852295E+11
-4.520156606681395874E+11
 4.186583773842870483E+11
-5.128525239968178101E+11
 4.422183140611093750E+11
-4.204481621087031250E+11
 5.194196607781530762E+11
-4.982580053918146973E+11
 1.992980533944660950E+11
 7.802785158916456299E+11
-1.917198003496783447E+12
 2.561233798695892578E+12
-2.452505945950945312E+12
 1.028861374865009521E+12
 2.826273067984039062E+12
-1.030964267220041992E+13
 1.250101525894762109E+13
-6.577869072507458984E+12
 1.212021007611447998E+12
 7.185688215161876678E+08
 1.389136852759257257E+08
-1.564314263397350502E+10
 7.958674107323544312E+10
-2.199629694460539551E+11
 3.872793651727645264E+11
-4.561350667985978394E+11
 3.710900028737623901E+11
-3.342990682909876709E+11
 4.211361242384528809E+11
-3.595180827816292725E+11
 3.008205629936893921E+11
-3.583709778961022339E+11
 3.565577474529280396E+11
-1.833555299063482666E+11
-4.825991948227561646E+11
 1.333302864030413086E+12
-1.845883054608840576E+12
 1.624450104330768555E+12
-1.801291249028623962E+11
-2.818427595666730469E+12
 8.221851208226836914E+12
-9.638231837253656250E+12
 4.996898811686839844E+12
-8.891119195765073242E+11
